[438, 0.005976470588235295, 59, 19, 15, 24, 4, 3, 4, 11]	22.01103417078654
[254, 0.04045176470588236, 62, 19, 11, 98, 54, 12, 1, 27]	20.210605001449586
[271, 0.08315411764705884, 18, 20, 101, 70, 86, 3, 3, 38]	21.730181342677067
[459, 0.07218470588235294, 45, 19, 56, 39, 39, 12, 2, 34]	21.32348043268377
[133, 0.031049411764705884, 67, 15, 75, 61, 117, 9, 3, 18]	20.239345600730495
[208, 0.02282235294117647, 28, 1, 89, 125, 115, 13, 1, 16]	20.5822194480896
[73, 0.06395764705882354, 50, 18, 98, 12, 56, 14, 1, 43]	20.983619351317916
[109, 0.057297647058823536, 34, 24, 42, 4, 20, 12, 3, 41]	20.72608309206755
[111, 0.07492705882352942, 48, 10, 43, 76, 31, 6, 1, 37]	21.07133242358332
[56, 0.029090588235294118, 43, 26, 11, 92, 84, 9, 2, 21]	20.84501865175035
[25, 0.06199882352941177, 16, 14, 33, 57, 91, 4, 1, 40]	21.510691183805466
[17, 0.0016670588235294119, 36, 3, 60, 118, 36, 5, 4, 33]	21.160505468107885
[55, 0.0851129411764706, 44, 17, 82, 24, 90, 11, 3, 35]	21.251730295327995
[21, 0.09334, 20, 17, 63, 68, 121, 13, 4, 28]	21.520141785738357
[5, 0.06043176470588236, 25, 5, 26, 74, 39, 11, 1, 28]	21.604563768848777
[53, 0.07531882352941177, 55, 25, 98, 41, 32, 9, 1, 18]	20.444974003340068
[61, 0.02164705882352941, 38, 31, 4, 41, 11, 7, 4, 42]	20.758565553804722
[37, 0.0001, 43, 11, 39, 111, 23, 5, 3, 31]	23.186590641736984
[31, 0.08158705882352942, 14, 19, 12, 74, 93, 3, 4, 42]	21.550985713063934
[38, 0.04358588235294118, 36, 27, 60, 63, 73, 13, 1, 37]	20.25734952498566
[26, 0.02164705882352941, 21, 26, 35, 64, 116, 10, 4, 25]	21.42690720829939
[38, 0.04358588235294118, 36, 25, 98, 41, 32, 9, 1, 37]	19.669774929682415
[53, 0.07531882352941177, 55, 27, 60, 63, 73, 13, 1, 18]	20.654556605690406
[53, 0.07531882352941177, 55, 14, 33, 57, 32, 9, 1, 18]	20.934152096196225
[25, 0.06199882352941177, 16, 25, 98, 42, 91, 4, 1, 40]	21.529248912930488
[43, 0.01067764705882353, 38, 21, 64, 34, 78, 10, 3, 17]	20.374510389617367
[43, 0.01067764705882353, 38, 21, 64, 63, 73, 10, 3, 17]	19.96048433658404
[38, 0.04358588235294118, 36, 27, 60, 34, 78, 13, 1, 37]	20.880706815782823
[38, 0.04358588235294118, 36, 25, 98, 41, 32, 9, 1, 37]	19.669774929682415
[54, 0.07806117647058824, 43, 1, 126, 17, 89, 7, 1, 50]	20.89961060657296
[38, 0.04358588235294118, 36, 25, 98, 41, 32, 9, 1, 37]	19.669774929682415
[38, 0.04358588235294118, 36, 25, 98, 41, 32, 9, 1, 37]	19.669774929682415
[38, 0.04358588235294118, 36, 25, 98, 41, 32, 9, 1, 37]	19.669774929682415
[38, 0.04358588235294118, 36, 25, 98, 41, 32, 9, 1, 37]	19.669774929682415
[38, 0.04358588235294118, 36, 25, 98, 41, 32, 9, 1, 37]	19.669774929682415
[38, 0.04358588235294118, 36, 25, 98, 41, 32, 9, 1, 37]	19.669774929682415
[21, 0.022741176470588237, 53, 25, 103, 13, 25, 10, 2, 35]	20.026581333272127
[52, 0.014976470588235296, 54, 25, 65, 46, 31, 13, 3, 44]	20.067094149048796
[20, 0.054576470588235296, 69, 25, 11, 96, 21, 6, 4, 35]	21.80595112144947
[60, 0.04525882352941177, 41, 7, 22, 35, 70, 4, 4, 25]	21.52116958867936
[39, 0.09262352941176472, 48, 22, 78, 102, 72, 14, 1, 31]	21.82375944792762
[18, 0.067, 10, 29, 74, 12, 48, 4, 4, 18]	21.191590958362003
[15, 0.06622352941176471, 24, 4, 15, 127, 89, 4, 2, 14]	21.325183958707456
[55, 0.09534117647058823, 68, 3, 64, 85, 123, 11, 2, 29]	20.345329777225032
[39, 0.04642352941176471, 52, 30, 119, 87, 48, 13, 4, 24]	21.55665042742278
[14, 0.0743764705882353, 53, 7, 59, 26, 78, 9, 2, 19]	21.78559860310585
[16, 0.04642352941176471, 27, 14, 115, 50, 32, 12, 3, 21]	20.846649365493665
[56, 0.01963529411764706, 14, 4, 48, 9, 21, 9, 1, 26]	20.55319845146603
[41, 0.006823529411764707, 69, 19, 4, 84, 55, 2, 4, 30]	21.531888398967805
[28, 0.05962352941176471, 56, 13, 63, 34, 114, 9, 4, 23]	21.47480651086935
[20, 0.02235294117647059, 69, 9, 73, 52, 90, 5, 4, 49]	21.37377241563797
[47, 0.008764705882352942, 28, 24, 20, 40, 40, 5, 1, 13]	20.587981723179325
[29, 0.0604, 36, 2, 108, 87, 89, 10, 2, 11]	21.380313053985553
[17, 0.05535294117647059, 34, 9, 11, 27, 70, 14, 4, 37]	21.303035818217165
[2, 0.044094117647058825, 13, 27, 100, 81, 128, 14, 1, 31]	21.376715671324728
[7, 0.06467058823529412, 63, 13, 69, 35, 102, 11, 2, 49]	21.67708317010136
[15, 0.005270588235294118, 14, 11, 29, 16, 49, 9, 3, 23]	21.20869052383357
[59, 0.009541176470588237, 15, 30, 115, 104, 108, 4, 3, 14]	21.444641971588133
[46, 0.0743764705882353, 30, 10, 123, 10, 117, 8, 3, 18]	21.643706058143476
[38, 0.04642352941176471, 11, 30, 123, 67, 121, 8, 2, 24]	21.394624319040414
[59, 0.09650588235294118, 57, 22, 60, 56, 79, 7, 3, 49]	21.736828164493335
[38, 0.07670588235294118, 31, 23, 91, 115, 62, 11, 1, 46]	21.34468731916312
[51, 0.035164705882352945, 19, 5, 102, 18, 85, 3, 3, 31]	21.593624654442372
[4, 0.049529411764705884, 39, 9, 96, 106, 13, 13, 1, 22]	21.59111602677107
[37, 0.049529411764705884, 10, 19, 55, 120, 61, 7, 2, 20]	21.255139121237924
[36, 0.039047058823529414, 64, 27, 95, 19, 107, 4, 4, 45]	21.313436197719987
[7, 0.04487058823529412, 57, 27, 84, 97, 73, 2, 4, 31]	21.75078200022918
[25, 0.08602352941176471, 16, 18, 61, 21, 24, 3, 2, 35]	21.471884738206864
[48, 0.09650588235294118, 63, 1, 105, 118, 109, 2, 4, 31]	21.77948254630679
[8, 0.01691764705882353, 58, 21, 108, 20, 114, 13, 1, 29]	20.663122067642213
[38, 0.0017764705882352943, 14, 4, 59, 71, 6, 3, 3, 48]	21.846115151250903
[31, 0.09495294117647059, 58, 27, 45, 109, 76, 10, 3, 21]	21.756481058803605
[19, 0.05962352941176471, 46, 20, 104, 20, 58, 11, 4, 23]	21.51739805948102
[36, 0.0685529411764706, 30, 25, 26, 30, 7, 10, 4, 37]	21.445336775814027
[27, 0.06467058823529412, 47, 22, 64, 115, 49, 12, 1, 33]	20.016711511919574
[19, 0.04991764705882353, 53, 14, 24, 74, 86, 11, 4, 28]	21.41158724373037
[38, 0.04642352941176471, 58, 21, 108, 20, 121, 8, 2, 24]	19.86985013656544
[8, 0.01691764705882353, 11, 30, 123, 67, 114, 13, 1, 29]	20.35476602830887
[27, 0.06467058823529412, 47, 22, 64, 115, 49, 12, 1, 33]	20.016711511919574
[27, 0.06467058823529412, 47, 22, 64, 115, 49, 12, 1, 33]	20.016711511919574
[27, 0.06467058823529412, 47, 22, 64, 115, 49, 12, 1, 33]	20.016711511919574
[27, 0.06467058823529412, 47, 22, 64, 115, 49, 12, 1, 33]	20.016711511919574
[7, 0.05147058823529412, 58, 7, 9, 32, 24, 8, 3, 31]	21.726168096503176
[38, 0.04642352941176471, 10, 19, 57, 67, 121, 8, 2, 24]	21.598526190627705
[37, 0.049529411764705884, 11, 30, 121, 120, 61, 7, 2, 20]	21.36171328144915
[36, 0.039047058823529414, 67, 11, 29, 16, 49, 4, 4, 45]	21.72914646319348
[15, 0.005270588235294118, 11, 27, 95, 19, 107, 9, 3, 23]	21.408313211834358
[8, 0.01691764705882353, 58, 21, 108, 20, 114, 13, 1, 29]	20.663122067642213
[8, 0.01691764705882353, 58, 21, 108, 20, 114, 13, 1, 29]	20.663122067642213
[27, 0.06467058823529412, 47, 22, 64, 115, 49, 12, 1, 33]	20.016711511919574
[8, 0.01691764705882353, 11, 30, 123, 67, 114, 13, 1, 29]	20.35476602830887
[27, 0.06661176470588236, 65, 4, 64, 37, 60, 13, 2, 24]	21.03194813254059
[26, 0.09495294117647059, 37, 19, 65, 103, 102, 9, 4, 37]	21.82325244535224
[38, 0.04358588235294118, 36, 25, 98, 41, 32, 9, 1, 37]	19.669774929682415
[38, 0.04358588235294118, 100, 25, 98, 41, 32, 9, 1, 37]	15.671487145351641
[53, 0.025535294117647062, 66, 18, 51, 37, 81, 17, 1, 20]	18.1825399699964
added val loss

[5, 0.1311529411764706, 26, 2, 21, 87, 48, 13, 1, 14]	[32, 0.19687058823529413, 62, 10, 63, 43, 65, 2, 1, 48]	21.780725598335266	34.96371750533581
[9, 0.052917647058823535, 76, 1, 45, 48, 52, 24, 1, 42]	21.76959575584205	34.15017793646881
[28, 0.1288058823529412, 77, 19, 80, 63, 74, 21, 1, 49]	21.816353871107268	34.138059708807205
[59, 0.14288823529411768, 68, 15, 82, 42, 43, 19, 1, 31]	21.860586104673498	33.917782615212836
[54, 0.1843529411764706, 88, 19, 34, 19, 91, 14, 1, 40]	21.830931632749497	35.06311587283486
[28, 0.12489411764705884, 43, 5, 4, 67, 65, 4, 1, 23]	21.8077521322909	34.23320468266805
[18, 0.1475823529411765, 70, 26, 57, 51, 26, 9, 1, 23]	21.735561096263552	34.296409615448546
[47, 0.1288058823529412, 23, 10, 50, 66, 79, 9, 1, 35]	21.453289789574168	37.331809759140015
[31, 0.027882352941176473, 13, 2, 14, 30, 20, 3, 1, 41]	21.158193325554883	37.06631462501757
[23, 0.10142352941176472, 43, 17, 79, 70, 8, 13, 1, 10]	21.811954864292243	34.11266520890322
[29, 0.06152352941176471, 83, 28, 24, 82, 80, 14, 1, 17]	20.113586198043272	35.314374746595114
[19, 0.11863529411764707, 67, 28, 14, 55, 28, 17, 1, 39]	21.768216186696947	34.089255117020514
[5, 0.049005882352941184, 14, 23, 20, 81, 93, 25, 1, 12]	21.660765475839376	34.16286378145218
[12, 0.030229411764705887, 67, 14, 87, 74, 68, 18, 1, 47]	21.13209866355363	35.22398899566559
[41, 0.13819411764705883, 24, 24, 40, 55, 52, 7, 1, 47]	21.853534331087207	34.64526214599609
[44, 0.0967294117647059, 57, 2, 98, 13, 92, 2, 1, 19]	21.84562385082245	34.35941824705704
[6, 0.05995882352941177, 85, 3, 31, 42, 80, 3, 1, 47]	21.65515592936382	34.267367598539344
[62, 0.17027058823529415, 62, 4, 61, 30, 71, 10, 1, 25]	21.843241397245432	35.15261302274816
[19, 0.1687058823529412, 32, 28, 51, 24, 15, 8, 1, 21]	21.707931569297656	34.36144647058451
[8, 0.16792352941176472, 91, 21, 7, 85, 38, 18, 1, 42]	21.46197119922638	34.89951841163635
[22, 0.14445294117647062, 15, 23, 29, 34, 56, 22, 1, 48]	21.763427675677168	34.28956787482552
[52, 0.01145294117647059, 18, 12, 39, 22, 62, 16, 1, 18]	20.59634129042478	36.31570963859558
[53, 0.043529411764705886, 34, 25, 34, 92, 29, 10, 1, 24]	20.10683311663176	35.61748002704821
[19, 0.08264705882352942, 10, 18, 73, 8, 17, 23, 1, 45]	21.807498828423295	33.97072435774893
[34, 0.11081176470588237, 29, 30, 56, 36, 49, 13, 1, 26]	21.826587991829296	34.371732807159425
[18, 0.19374117647058825, 20, 13, 61, 72, 98, 20, 1, 47]	21.679308126700654	34.558239672865184
[24, 0.13506470588235295, 87, 27, 55, 25, 12, 13, 1, 37]	21.787346223199908	34.135102260680426
[21, 0.10924705882352942, 64, 5, 7, 33, 44, 7, 1, 45]	21.792630281357805	34.058160404364266
[50, 0.14054117647058825, 53, 10, 90, 43, 60, 4, 1, 36]	21.851750540733338	33.86174807548523
[39, 0.16948823529411766, 80, 4, 45, 77, 40, 5, 1, 13]	21.813661593510663	34.511199492674606
[19, 0.15618823529411766, 28, 5, 58, 61, 96, 23, 1, 19]	21.722950679574613	34.28820272661605
[50, 0.14054117647058825, 53, 10, 89, 33, 44, 4, 1, 36]	21.87224627494812	33.80433177947998
[21, 0.10924705882352942, 64, 5, 7, 43, 60, 7, 1, 45]	21.792630281357805	34.058160404364266
[58, 0.14288823529411768, 53, 15, 82, 42, 43, 19, 1, 31]	21.824953065521417	35.02056694030762
[51, 0.14054117647058825, 68, 10, 90, 43, 60, 4, 1, 36]	21.80316618476251	34.72401714324951
[23, 0.10142352941176472, 43, 17, 79, 70, 12, 4, 1, 36]	21.811954864292243	34.11266520890322
[50, 0.14054117647058825, 53, 10, 90, 43, 57, 13, 1, 10]	21.87224440097809	33.80433249473572
[4, 0.12098235294117649, 55, 11, 69, 57, 78, 6, 1, 13]	21.31440695018768	35.12793966579437
[19, 0.08264705882352942, 10, 18, 73, 8, 17, 23, 1, 32]	21.80749875617524	33.97072435774893
[59, 0.14288823529411768, 68, 15, 82, 42, 43, 19, 1, 45]	20.10329003053553	37.036765210768756
[59, 0.14288823529411768, 68, 10, 90, 43, 60, 4, 1, 36]	21.85975922977223	33.9175755556892
[50, 0.14054117647058825, 53, 15, 82, 42, 43, 19, 1, 31]	21.87224440097809	33.80433249473572
[50, 0.14054117647058825, 53, 10, 90, 43, 60, 4, 1, 36]	21.851750540733338	33.86174807548523
[19, 0.14836470588235295, 50, 5, 93, 42, 33, 15, 1, 49]	21.732418520658307	34.24344539642334
[56, 0.09281764705882355, 13, 28, 39, 6, 7, 4, 1, 14]	21.619174965222676	36.09700083732605
[56, 0.043529411764705886, 63, 17, 68, 30, 82, 23, 1, 15]	19.379140649901498	34.61849514643351
[57, 0.037270588235294125, 47, 24, 34, 13, 15, 16, 1, 35]	19.779339622367512	36.31540568669637
[40, 0.1765294117647059, 31, 22, 78, 4, 59, 7, 1, 31]	21.85410233402252	33.78344173431397
[22, 0.1921764705882353, 57, 1, 58, 78, 14, 3, 1, 12]	21.71508293229629	34.52577057092086
[62, 0.06387058823529412, 32, 24, 57, 98, 5, 11, 1, 26]	20.472592177214445	37.19102508881513
[45, 0.005976470588235295, 14, 16, 44, 82, 28, 21, 1, 42]	20.232516731534684	38.526949219081715
[44, 0.07404117647058825, 78, 24, 27, 48, 83, 22, 1, 28]	21.857328040557995	34.32058632892111
[9, 0.1366294117647059, 71, 4, 22, 64, 64, 12, 1, 19]	21.555446302451248	34.99573371240071
[49, 0.037270588235294125, 83, 8, 48, 46, 16, 15, 1, 18]	17.80582808522345	35.869656244913735
[9, 0.08186470588235295, 19, 12, 15, 31, 95, 8, 1, 43]	21.688850992593725	34.44641171395779
[20, 0.1233294117647059, 50, 13, 83, 65, 98, 20, 1, 13]	21.789836848773064	33.85887773513794
[52, 0.16714117647058827, 25, 5, 4, 78, 84, 2, 1, 37]	21.819588730015706	34.75850858688354
[15, 0.13584705882352943, 26, 15, 75, 37, 23, 10, 1, 14]	21.69915544527198	34.30122576186906
[36, 0.023188235294117652, 68, 26, 25, 5, 25, 20, 1, 24]	18.89077773368616	38.69905424118042
[38, 0.14523529411764707, 35, 22, 4, 61, 81, 6, 1, 25]	21.82725170847367	34.430056465996635
[22, 0.038835294117647065, 12, 17, 75, 93, 77, 3, 1, 47]	21.332662902641715	36.68989777046701
[30, 0.19374117647058825, 34, 25, 72, 98, 95, 15, 1, 18]	21.784360241289892	34.512492432313806
[57, 0.024752941176470592, 20, 26, 79, 4, 51, 5, 1, 31]	21.782284779982135	36.652397844526504
[37, 0.11237647058823531, 57, 11, 31, 96, 38, 5, 1, 34]	21.800843254827402	35.01074913569859
[24, 0.1233294117647059, 23, 19, 31, 60, 81, 11, 1, 35]	21.7970768321711	34.102400234767366
[52, 0.050570588235294124, 38, 21, 43, 92, 24, 5, 1, 48]	20.3894339541799	35.868987154960635
[21, 0.19452352941176473, 75, 30, 38, 28, 86, 13, 1, 34]	21.701844870015417	34.4709267616272
[29, 0.038835294117647065, 58, 6, 34, 88, 21, 16, 1, 42]	18.944967012184893	35.798151997157504
[20, 0.06230588235294118, 95, 5, 39, 48, 80, 21, 1, 19]	21.843517529599602	33.793098030090334
[3, 0.027100000000000003, 31, 13, 48, 75, 14, 4, 1, 24]	21.668459788849773	34.17817347706435
[48, 0.13584705882352943, 72, 14, 22, 54, 92, 2, 1, 34]	21.815689466113135	34.07600162142799
[33, 0.029447058823529416, 18, 2, 28, 88, 35, 2, 1, 38]	21.04834612419731	36.51584919037357
[57, 0.1577529411764706, 65, 29, 7, 28, 14, 21, 1, 13]	21.852509569038045	34.986395570966934
[59, 0.08968823529411765, 25, 8, 31, 86, 95, 11, 1, 29]	21.50371390511008	33.94828877729528
[55, 0.031011764705882357, 69, 18, 85, 90, 9, 17, 1, 47]	17.313730538546384	38.26813632563541
[2, 0.14288823529411768, 47, 12, 92, 26, 25, 3, 1, 36]	20.944610363888742	35.4512916727066
[7, 0.15149411764705883, 66, 3, 33, 13, 29, 21, 1, 18]	21.437707830392398	35.02474804358049
[49, 0.1577529411764706, 86, 7, 69, 72, 13, 8, 1, 32]	21.83047267302726	34.97091497693743
[13, 0.17261764705882354, 77, 8, 38, 30, 52, 2, 1, 46]	21.60853700599113	34.53138067815211
[10, 0.12489411764705884, 56, 23, 80, 39, 42, 6, 1, 39]	21.61987010011077	34.40473408460617
[58, 0.06308823529411765, 42, 8, 40, 90, 85, 10, 1, 18]	21.342524860097075	36.215161641438804
[7, 0.16010000000000002, 29, 18, 46, 69, 26, 21, 1, 23]	21.421752027073108	35.070148961527366
[29, 0.08264705882352942, 65, 16, 10, 36, 72, 7, 1, 16]	20.322252724212028	34.86238085883004
[59, 0.06230588235294118, 78, 3, 63, 9, 5, 25, 1, 11]	20.08675547207103	33.95057501512415
[19, 0.10298823529411766, 25, 14, 8, 39, 81, 6, 1, 41]	21.78241597228881	34.12394745844715
[25, 0.1475823529411765, 95, 10, 37, 8, 83, 13, 1, 36]	21.806560325063764	33.84328107833862
[28, 0.08812352941176471, 14, 9, 50, 66, 17, 3, 1, 31]	21.61530484700336	36.46724539332919
[42, 0.007541176470588237, 100, 13, 54, 95, 92, 7, 1, 34]	17.619019558032353	37.22861762841543
[49, 0.1233294117647059, 20, 18, 37, 24, 74, 17, 1, 39]	21.832751755575533	34.951063383193244
[38, 0.18278823529411767, 57, 9, 11, 55, 22, 13, 1, 12]	21.814656289350808	34.48587719599406
[35, 0.06621764705882353, 25, 24, 66, 22, 53, 18, 1, 19]	21.853577197796398	34.43978658215753
[43, 0.06934705882352941, 47, 11, 24, 66, 20, 12, 1, 14]	19.9588497459379	37.08128326137861
[61, 0.1311529411764706, 59, 17, 37, 38, 64, 20, 1, 33]	20.560422824650274	36.82164455862606
[44, 0.08030000000000001, 22, 19, 45, 34, 45, 21, 1, 10]	21.839996810545003	34.386629519255266
[19, 0.047441176470588244, 77, 29, 81, 46, 32, 24, 1, 19]	17.242735915789098	36.44864316706388
[40, 0.1765294117647059, 31, 22, 78, 4, 59, 7, 1, 31]	21.85410233402252	33.78344173431397
[40, 0.1765294117647059, 31, 22, 78, 4, 59, 7, 1, 31]	21.85410233402252	33.78344173431397
[56, 0.043529411764705886, 63, 17, 68, 30, 82, 24, 1, 15]	19.298402248488532	35.49726910061307
[25, 0.1475823529411765, 95, 10, 37, 8, 83, 12, 1, 36]	21.806560325063764	33.84328107833862
[2, 0.017711764705882354, 26, 12, 68, 87, 20, 11, 1, 47]	19.211089148393274	38.128363909244534
[43, 0.038835294117647065, 78, 30, 93, 72, 7, 11, 1, 40]	19.12886576469128	36.171248058478035
[35, 0.042747058823529416, 88, 9, 75, 14, 31, 16, 1, 23]	18.13557354053417	35.70828092509303
[58, 0.13584705882352943, 65, 16, 91, 11, 52, 13, 1, 31]	21.824768200687977	35.018094857533775
[35, 0.06621764705882353, 56, 26, 84, 83, 64, 25, 1, 22]	21.853577197796398	34.43978658215753
[59, 0.06230588235294118, 78, 3, 63, 9, 5, 25, 1, 11]	20.08675547207103	33.95057501512415
[40, 0.1765294117647059, 31, 21, 31, 76, 59, 7, 1, 31]	21.85410233402252	33.78344173431397
[59, 0.08968823529411765, 25, 9, 78, 13, 95, 11, 1, 29]	21.744040556514964	35.035650056951184
[59, 0.06230588235294118, 77, 17, 63, 9, 5, 25, 1, 11]	20.06216038535623	34.92879581451416
[56, 0.043529411764705886, 64, 4, 68, 30, 82, 23, 1, 15]	20.03569848007626	34.619626389609444
[56, 0.043529411764705886, 63, 20, 39, 48, 80, 21, 1, 19]	18.804316682285734	35.85663546456231
[36, 0.19843529411764707, 64, 24, 67, 42, 65, 18, 1, 42]	21.823957165153764	34.25215727942331
[20, 0.049788235294117654, 95, 6, 68, 30, 82, 23, 1, 15]	20.279509710788727	34.79045032501221
[56, 0.05604705882352942, 63, 16, 39, 48, 80, 21, 1, 19]	19.077786654896208	33.95311506589254
[56, 0.05604705882352942, 63, 16, 39, 48, 77, 21, 1, 19]	18.271886547406513	37.52634143829346
[59, 0.06230588235294118, 78, 3, 63, 9, 8, 25, 1, 11]	21.29284574284273	34.60404474595014
[21, 0.0591764705882353, 47, 4, 75, 20, 31, 10, 1, 12]	21.08682090243535	40.20714123547077
[59, 0.06230588235294118, 78, 3, 63, 9, 5, 25, 1, 11]	20.08675547207103	33.95057501512415
[56, 0.05604705882352942, 63, 3, 63, 9, 5, 25, 1, 19]	20.31863248878055	34.77737010849847
[59, 0.06230588235294118, 78, 16, 39, 48, 80, 21, 1, 11]	17.983845301235423	34.31572058621575
[59, 0.06230588235294118, 78, 3, 63, 9, 5, 25, 1, 11]	20.08675547207103	33.95057501512415
[58, 0.16010000000000002, 56, 18, 49, 57, 82, 23, 1, 38]	21.8249285988424	35.029619958665634
[59, 0.06230588235294118, 78, 3, 63, 9, 5, 24, 1, 19]	19.524504510094136	35.05754978516523
[56, 0.05604705882352942, 63, 16, 39, 48, 80, 21, 1, 11]	18.99211484061347	35.81988337304857
[45, 0.017711764705882354, 80, 14, 65, 30, 35, 17, 1, 34]	16.977614347423827	36.63012666287629
[58, 0.06230588235294118, 63, 16, 39, 48, 80, 21, 1, 16]	21.815255504915083	35.033520539601646
[63, 0.051352941176470594, 59, 4, 54, 15, 11, 21, 1, 28]	20.16405898332596	36.08432710170746
[59, 0.05604705882352942, 78, 3, 63, 48, 80, 21, 1, 19]	18.489240797828227	34.185443233041205
[56, 0.06230588235294118, 63, 16, 39, 9, 5, 25, 1, 11]	19.676596927642823	35.538995822270714
[56, 0.05604705882352942, 63, 16, 39, 48, 80, 21, 1, 19]	19.077786654896208	33.95311506589254
[56, 0.05604705882352942, 63, 16, 39, 48, 80, 21, 1, 19]	19.077786654896208	33.95311506589254
[59, 0.06230588235294118, 78, 3, 63, 48, 80, 25, 1, 11]	19.700603591694552	35.65396575366749
[56, 0.05604705882352942, 63, 16, 39, 9, 5, 21, 1, 19]	20.211476177639433	35.34672882821825
[63, 0.1788764705882353, 51, 16, 27, 16, 86, 14, 1, 39]	21.253841584920885	39.44761848449707
[40, 0.0779529411764706, 24, 17, 52, 12, 57, 13, 1, 43]	21.240748783111574	34.11375381469727
[56, 0.05604705882352942, 63, 16, 39, 48, 80, 21, 1, 19]	19.077786654896208	33.95311506589254
[56, 0.05604705882352942, 63, 16, 39, 48, 80, 21, 1, 19]	19.077786654896208	33.95311506589254
[57, 0.05604705882352942, 80, 16, 39, 48, 80, 21, 1, 19]	18.694832823493265	35.90647787517972
[58, 0.06230588235294118, 61, 3, 63, 9, 5, 25, 1, 11]	20.255800488351404	35.0068883895874
[59, 0.05604705882352942, 78, 3, 63, 48, 80, 21, 1, 11]	17.88744187074549	34.65295110029333
[59, 0.06230588235294118, 78, 16, 39, 48, 80, 21, 1, 19]	19.55024825264426	34.54645274667179
[56, 0.05604705882352942, 63, 16, 39, 48, 80, 21, 1, 19]	19.077786654896208	33.95311506589254
[56, 0.05604705882352942, 63, 16, 39, 48, 80, 21, 1, 19]	19.077786654896208	33.95311506589254
[59, 0.05604705882352942, 78, 3, 63, 48, 80, 21, 1, 19]	18.489240797828227	34.185443233041205
[22, 0.0591764705882353, 42, 21, 39, 97, 54, 8, 1, 36]	21.517449785089283	34.2723461130391
[56, 0.05604705882352942, 63, 16, 39, 48, 80, 21, 1, 19]	19.077786654896208	33.95311506589254
[59, 0.06230588235294118, 78, 16, 39, 48, 80, 21, 1, 11]	17.983845301235423	34.31572058621575
[59, 0.06230588235294118, 78, 16, 39, 48, 80, 21, 1, 11]	17.983845301235423	34.31572058621575
[59, 0.06230588235294118, 78, 16, 39, 48, 80, 21, 1, 11]	17.983845301235423	34.31572058621575
[56, 0.05604705882352942, 63, 3, 63, 48, 80, 21, 1, 19]	19.25136434502072	35.0247585243649
[59, 0.05604705882352942, 78, 16, 39, 48, 80, 21, 1, 19]	17.744188768723433	36.36699867248535
[59, 0.06230588235294118, 78, 16, 39, 48, 80, 21, 1, 11]	17.983845301235423	34.31572058621575
[59, 0.06230588235294118, 78, 16, 39, 48, 80, 21, 1, 11]	17.983845301235423	34.31572058621575
[59, 0.05604705882352942, 78, 3, 63, 48, 80, 21, 1, 19]	18.489240797828227	34.185443233041205
[56, 0.05604705882352942, 63, 16, 39, 48, 80, 21, 1, 19]	19.077786654896208	33.95311506589254
[59, 0.05604705882352942, 78, 3, 63, 48, 80, 21, 1, 19]	18.489240797828227	34.185443233041205
[59, 0.05604705882352942, 78, 3, 63, 48, 80, 21, 1, 19]	18.489240797828227	34.185443233041205
[56, 0.05604705882352942, 63, 16, 39, 48, 80, 21, 1, 19]	19.077786654896208	33.95311506589254
[59, 0.05604705882352942, 78, 3, 63, 48, 80, 21, 1, 19]	18.489240797828227	34.185443233041205
[35, 0.06934705882352941, 91, 22, 51, 42, 84, 10, 1, 26]	19.386766597941204	34.829275344980175
[59, 0.06230588235294118, 78, 16, 39, 48, 80, 21, 1, 11]	17.983845301235423	34.31572058621575
[59, 0.06230588235294118, 78, 16, 39, 48, 80, 21, 1, 11]	17.983845301235423	34.31572058621575
[59, 0.06230588235294118, 78, 16, 39, 48, 80, 21, 1, 11]	17.983845301235423	34.31572058621575
[59, 0.06230588235294118, 78, 16, 39, 48, 80, 21, 1, 11]	17.983845301235423	34.31572058621575
[59, 0.06230588235294118, 78, 16, 39, 48, 80, 21, 1, 11]	17.983845301235423	34.31572058621575
[29, 0.09594705882352943, 78, 28, 93, 24, 26, 19, 1, 16]	21.83191373513613	34.22508062635149
[59, 0.06230588235294118, 78, 16, 39, 48, 80, 21, 1, 11]	17.983845301235423	34.31572058621575
[59, 0.06230588235294118, 78, 16, 39, 48, 80, 21, 1, 11]	17.983845301235423	34.31572058621575
[51, 0.1632294117647059, 42, 23, 6, 95, 85, 14, 1, 24]	21.827028428665315	34.727070569992065
[59, 0.06230588235294118, 78, 16, 39, 48, 80, 21, 1, 11]	17.983845301235423	34.31572058621575
[59, 0.06230588235294118, 78, 16, 39, 48, 80, 21, 1, 11]	17.983845301235423	34.31572058621575
[59, 0.06230588235294118, 78, 16, 39, 48, 80, 21, 1, 11]	17.983845301235423	34.31572058621575
[26, 0.07717058823529413, 86, 25, 50, 17, 81, 24, 1, 10]	21.830902306505113	34.130126879765434
[59, 0.06230588235294118, 78, 16, 39, 48, 80, 21, 1, 11]	17.983845301235423	34.31572058621575
[59, 0.06230588235294118, 78, 16, 39, 48, 80, 21, 1, 11]	17.983845301235423	34.31572058621575
[41, 0.15462352941176472, 91, 22, 96, 29, 36, 20, 1, 40]	21.855361524175425	34.61127723693848
[59, 0.06230588235294118, 78, 16, 39, 48, 80, 21, 1, 11]	17.983845301235423	34.31572058621575
[59, 0.06230588235294118, 78, 16, 39, 48, 80, 21, 1, 11]	17.983845301235423	34.31572058621575
[59, 0.06230588235294118, 78, 16, 39, 48, 80, 21, 1, 11]	17.983845301235423	34.31572058621575
[59, 0.06230588235294118, 78, 16, 39, 48, 80, 21, 1, 11]	17.983845301235423	34.31572058621575
[59, 0.06230588235294118, 78, 16, 39, 48, 80, 21, 1, 11]	17.983845301235423	34.31572058621575
[59, 0.06230588235294118, 78, 16, 39, 48, 80, 21, 1, 11]	17.983845301235423	34.31572058621575
[59, 0.06230588235294118, 78, 16, 39, 48, 80, 21, 1, 11]	17.983845301235423	34.31572058621575
[59, 0.06230588235294118, 78, 16, 39, 48, 80, 21, 1, 11]	17.983845301235423	34.31572058621575
[57, 0.004411764705882353, 85, 18, 15, 42, 81, 21, 1, 17]	17.27953248132359	35.32570171356201
[59, 0.06230588235294118, 78, 16, 39, 48, 80, 21, 1, 11]	17.983845301235423	34.31572058621575
[59, 0.06230588235294118, 78, 16, 39, 48, 80, 21, 1, 11]	17.983845301235423	34.31572058621575
[56, 0.06230588235294118, 67, 19, 38, 14, 57, 8, 1, 21]	20.14956128862169	34.25106019443936
[59, 0.06230588235294118, 78, 16, 39, 48, 80, 21, 1, 11]	17.983845301235423	34.31572058621575
[59, 0.06230588235294118, 78, 16, 39, 48, 80, 21, 1, 11]	17.983845301235423	34.31572058621575
[59, 0.06230588235294118, 78, 16, 39, 48, 80, 21, 1, 11]	17.983845301235423	34.31572058621575
[59, 0.06230588235294118, 78, 16, 39, 48, 80, 21, 1, 11]	17.983845301235423	34.31572058621575
[59, 0.06230588235294118, 78, 16, 39, 48, 80, 21, 1, 11]	17.983845301235423	34.31572058621575
[59, 0.06230588235294118, 78, 16, 39, 48, 80, 21, 1, 11]	17.983845301235423	34.31572058621575
[59, 0.06230588235294118, 78, 16, 39, 48, 80, 21, 1, 11]	17.983845301235423	34.31572058621575
[48, 0.049005882352941184, 50, 5, 62, 66, 84, 9, 1, 27]	21.674308247793288	36.45731333323887
[59, 0.06230588235294118, 78, 16, 39, 48, 80, 21, 1, 11]	17.983845301235423	34.31572058621575
[59, 0.06230588235294118, 78, 16, 39, 48, 80, 21, 1, 11]	17.983845301235423	34.31572058621575
[59, 0.06230588235294118, 78, 16, 39, 48, 80, 21, 1, 11]	17.983845301235423	34.31572058621575
[59, 0.06230588235294118, 78, 16, 39, 48, 80, 21, 1, 11]	17.983845301235423	34.31572058621575
[59, 0.06230588235294118, 78, 16, 39, 48, 80, 21, 1, 11]	17.983845301235423	34.31572058621575
[59, 0.06230588235294118, 78, 16, 39, 48, 80, 21, 1, 11]	17.983845301235423	34.31572058621575
[59, 0.06230588235294118, 78, 16, 39, 48, 80, 21, 1, 11]	17.983845301235423	34.31572058621575
[37, 0.027882352941176473, 45, 12, 33, 93, 89, 13, 1, 31]	19.802486167234534	36.28902918951852
[59, 0.06230588235294118, 78, 16, 39, 48, 80, 21, 1, 11]	17.983845301235423	34.31572058621575
[59, 0.06230588235294118, 78, 16, 39, 48, 80, 21, 1, 11]	17.983845301235423	34.31572058621575
[59, 0.06230588235294118, 78, 16, 39, 48, 80, 21, 1, 11]	17.983845301235423	34.31572058621575
[59, 0.06230588235294118, 78, 16, 39, 48, 80, 21, 1, 11]	17.983845301235423	34.31572058621575
[19, 0.054482352941176475, 88, 27, 45, 35, 44, 21, 1, 25]	19.644847259828538	37.34908297826659
[39, 0.037270588235294125, 78, 8, 23, 99, 49, 10, 1, 21]	17.819956576177315	36.87212113233713
[59, 0.06230588235294118, 78, 16, 39, 48, 80, 21, 1, 11]	17.983845301235423	34.31572058621575
[59, 0.06230588235294118, 78, 16, 39, 48, 80, 21, 1, 11]	17.983845301235423	34.31572058621575
[59, 0.06230588235294118, 78, 16, 39, 48, 80, 21, 1, 11]	17.983845301235423	34.31572058621575
[59, 0.06230588235294118, 78, 16, 39, 48, 80, 21, 1, 11]	17.983845301235423	34.31572058621575
[59, 0.06230588235294118, 78, 16, 39, 48, 80, 21, 1, 11]	22.06474303638234	33.9716573603013
[59, 0.06230588235294118, 78, 16, 39, 48, 80, 21, 1, 11]	17.983845301235423	34.31572058621575
